123,Greasy,0,1,1,0,1,1,1,0,1,1
664,haPPy,0,0,1,0,0,1,0,0,1,0
688,huGo,0,0,1,0,0,1,0,0,1,0
658,toot,0,0,1,0,1,1,0,1,1,1
616,rudolPh,0,1,1,0,1,0,0,1,1,0
061,MaleFicent,0,0,1,0,0,0,0,0,0,1
569,Meeko,0,0,1,0,0,1,1,0,1,0
017,Merlock,1,0,1,1,1,0,0,0,1,1
434,Mindy,0,0,1,1,1,0,0,0,0,0
452,daFFy,1,0,1,1,1,0,0,1,1,0
446,santa,0,1,1,0,0,1,1,0,1,1
456,Minnie,0,1,1,0,0,1,1,0,1,1
118,Mooch,0,1,1,0,0,1,1,0,1,1
916,Pots,0,1,1,0,0,1,1,0,1,1
101,MunGo,0,1,1,0,0,1,1,0,1,1
201,otto,0,1,1,0,0,1,1,0,1,1
887,PiGlet,0,1,1,0,0,1,1,0,1,1
166,rudolPh,0,1,1,0,0,1,1,0,1,1
707,PonGo,0,1,1,0,0,1,1,0,1,1
409,Prince,0,1,1,0,1,0,1,1,1,0
962,queen,0,1,1,0,0,1,1,0,1,1
768,doPey,0,0,1,1,0,1,0,0,0,0
614,Foxy,0,1,1,0,1,0,0,1,1,0
707,Friar,0,1,1,0,0,1,1,0,1,1
799,Genie,0,1,1,0,0,1,1,0,1,1
321,GooFy,0,1,1,0,1,1,1,0,1,1
046,daisy,0,1,1,0,0,0,1,1,0,1
578,FlotsaM,1,1,0,1,1,1,1,1,1,0
985,jetsaM,1,0,1,0,0,0,0,1,1,1
174,BaMBi,0,1,1,0,1,0,0,1,1,0
244,Bolt,0,1,1,0,1,1,1,0,0,0
657,nessus,1,0,1,0,1,0,0,0,1,0
